28/02/2026 10489 0103050824|12 
27/02/2026 10488 0911232634|03
27/02/2026 20488 0304061532|09
27/02/2026 00488 1214182426|05
27/02/2026 00487 0213192527|01 
26/02/2026 00486 0815232426|11
26/02/2026 00485 0314192733|10
25/02/2026 00484 0514151629|10
25/02/2026 00483 1116192132|10
24/02/2026 00482 0814182026|07
24/02/2026 00481 1214222330|09
23/02/2026 00480 0713162235|11
23/02/2026 00479 0710111827|06
22/02/2026 00478 0209121631|03
22/02/2026 00477 0809192930|04
21/02/2026 00476 0216172031|01
21/02/2026 00475 0508111318|02
20/02/2026 00474 0109182833|07
20/02/2026 00473 1012273031|12
19/02/2026 00472 0921232529|03
19/02/2026 00471 0113141930|01
18/02/2026 00470 0923272933|01
18/02/2026 00469 1117253032|06
17/02/2026 00468 1321283235|11
17/02/2026 00467 1921222331|04
16/02/2026 00466 0408192130|07
16/02/2026 00465 0718222729|04
15/02/2026 00464 0106081022|07
15/02/2026 00463 0103051026|09
14/02/2026 00462 0406081425|07
14/02/2026 00461 1320223234|12
13/02/2026 00460 1014162032|11
13/02/2026 00459 0511122932|04
12/02/2026 00458 0211151729|05
12/02/2026 00457 0610112629|03
11/02/2026 00456 0409162328|02
11/02/2026 00455 0920232634|10
10/02/2026 00454 0709121322|06
10/02/2026 00453 0318293031|09
09/02/2026 00452 1823243133|01
09/02/2026 00451 0409171835|07
08/02/2026 00450 0716172830|10
08/02/2026 00449 0809111623|09
07/02/2026 00448 0314171935|03
07/02/2026 00447 0203091031|12
06/02/2026 00446 0103041429|04
06/02/2026 00445 0305151828|03
05/02/2026 00444 0405151832|11
05/02/2026 00443 0710131620|09
04/02/2026 00442 1718213034|04
04/02/2026 00441 0714152735|03
03/02/2026 00440 0510112829|05
03/02/2026 00439 1923243233|10
02/02/2026 00438 0103050611|05
02/02/2026 00437 1314151922|03
01/02/2026 00436 0120242635|03
01/02/2026 00435 0715192234|09
31/01/2026 00434 1112162729|06
31/01/2026 00433 0714152627|09
30/01/2026 00432 0506092332|12
30/01/2026 00431 1119272933|05
29/01/2026 00430 0108091922|12
29/01/2026 00429 0411172631|11
28/01/2026 00428 0610162130|02
28/01/2026 00427 0220212432|01
27/01/2026 00426 0411253134|01
27/01/2026 00425 0508091428|02
26/01/2026 00424 0923293435|12
26/01/2026 00423 0318252932|08
25/01/2026 00422 0111151931|04
25/01/2026 00421 1518273235|11
24/01/2026 00420 0225262834|06
24/01/2026 00419 1315222731|10
23/01/2026 00418 0507102829|02
23/01/2026 00417 1013253132|01
22/01/2026 00416 0710122223|03
22/01/2026 00415 0817202731|12
21/01/2026 00414 0104070833|09
21/01/2026 00413 0816242930|05
20/01/2026 00412 1415181933|04
20/01/2026 00411 0115192126|02
19/01/2026 00410 0708101435|09
19/01/2026 00409 0513141921|10
18/01/2026 00408 0209141522|12
18/01/2026 00407 0313142035|12
17/01/2026 00406 0102132731|10
17/01/2026 00405 1318242932|01
16/01/2026 00404 0206102429|05
16/01/2026 00403 0103102634|03
15/01/2026 00402 0306151723|02
15/01/2026 00401 0609232425|07
14/01/2026 00400 0206081929|09
14/01/2026 00399 0304051935|08
13/01/2026 00398 0304061027|04
13/01/2026 00397 1015161826|09
12/01/2026 00396 0421252833|11
12/01/2026 00395 0414192226|07
11/01/2026 00394 0222232629|09
11/01/2026 00393 0406242526|07
10/01/2026 00392 0208172328|04
10/01/2026 00391 1314212631|10
09/01/2026 00390 0511142032|01
09/01/2026 00389 0125283235|12
08/01/2026 00388 0607102835|06
08/01/2026 00387 0409132530|06
07/01/2026 00386 0107142829|05
07/01/2026 00385 2227293334|03
06/01/2026 00384 0406121631|02
06/01/2026 00383 0725262731|05
05/01/2026 00382 0102061017|01
05/01/2026 00381 0513141926|09
04/01/2026 00380 1316262934|02
04/01/2026 00379 1214222529|01
03/01/2026 00378 0206242834|01
03/01/2026 00377 0711122230|05
02/01/2026 00376 0309101425|06
02/01/2026 00375 1317222329|08
01/01/2026 00374 0203202530|03
01/01/2026 00373 1117232634|12
31/12/2025 00372 0305112530|12
31/12/2025 00371 1121252833|03
30/12/2025 00370 0715232433|02
30/12/2025 00369 0213192324|11
29/12/2025 00368 0321223033|01
29/12/2025 00367 0406131630|10
28/12/2025 00366 0205070821|12
28/12/2025 00365 1114273035|09
27/12/2025 00364 0408143335|11
27/12/2025 00363 0102202433|10
26/12/2025 00362 1117192633|08
26/12/2025 00361 0102192131|03
25/12/2025 00360 0204142434|10
25/12/2025 00359 0512252833|08
24/12/2025 00358 1920273134|05
24/12/2025 00357 0102041033|03
23/12/2025 00356 2223263435|03
23/12/2025 00355 0323283235|09
22/12/2025 00354 1331323335|11
22/12/2025 00353 0812142427|09
21/12/2025 00352 0626273334|07
21/12/2025 00351 0616283335|08
20/12/2025 00350 1112131419|07
20/12/2025 00349 0107091630|11
19/12/2025 00348 0313151623|10
19/12/2025 00347 0405132935|05
18/12/2025 00346 0207222531|09
18/12/2025 00345 1415172734|08
17/12/2025 00344 0710171922|01
17/12/2025 00343 0623272830|06
16/12/2025 00342 0710262735|11
16/12/2025 00341 0203071617|10
15/12/2025 00340 2021242528|09
15/12/2025 00339 0102051216|09
14/12/2025 00338 0809112526|07
14/12/2025 00337 0813142735|06
13/12/2025 00336 0507151618|10
13/12/2025 00335 0111262935|10
12/12/2025 00334 0103071028|04
12/12/2025 00333 0825303334|11
11/12/2025 00332 0310162329|11
11/12/2025 00331 0708101232|02
10/12/2025 00330 0115262933|09
10/12/2025 00329 0124303435|03
09/12/2025 00328 0210233335|04
09/12/2025 00327 0108101332|03
08/12/2025 00326 0207283235|08
08/12/2025 00325 0203162331|12
07/12/2025 00324 0408111835|09
07/12/2025 00323 1117212331|02
06/12/2025 00322 0111132325|08
06/12/2025 00321 0507132234|11
05/12/2025 00320 0310112130|10
05/12/2025 00319 1318202830|03
04/12/2025 00318 0307121321|01
04/12/2025 00317 0207112026|10
03/12/2025 00316 0910273031|02
03/12/2025 00315 0408222434|05
02/12/2025 00314 0912142835|10
02/12/2025 00313 0102041423|07
01/12/2025 00312 0913193033|12
01/12/2025 00311 0316212934|12
30/11/2025 00310 0910111825|12
30/11/2025 00309 1119242732|04
29/11/2025 00308 0811171828|04
29/11/2025 00307 0212223032|09
28/11/2025 00306 1829303235|02
28/11/2025 00305 0218203034|09
27/11/2025 00304 0110163034|07
27/11/2025 00303 0408142032|01
26/11/2025 00302 0204183034|04
26/11/2025 00301 1114192127|08
25/11/2025 00300 1122282931|10
25/11/2025 00299 0512283133|07
24/11/2025 00298 0520243233|05
24/11/2025 00297 1112152833|06
23/11/2025 00296 1417223032|11
23/11/2025 00295 0519223435|12
22/11/2025 00294 0716232427|09
22/11/2025 00293 1723283031|02
21/11/2025 00292 0507111923|11
21/11/2025 00291 0708102425|08
20/11/2025 00290 0107151723|11
20/11/2025 00289 0614212430|05
19/11/2025 00288 1214203334|01
19/11/2025 00287 0920242634|12
18/11/2025 00286 0811172129|03
18/11/2025 00285 0317303334|08
17/11/2025 00284 0709233034|02
17/11/2025 00283 0313141834|02
16/11/2025 00282 0118202630|12
16/11/2025 00281 0215212228|07
15/11/2025 00280 0820212829|03
15/11/2025 00279 0215202232|10
14/11/2025 00278 0812142535|03
14/11/2025 00277 1419222628|07
13/11/2025 00276 0308172230|01
13/11/2025 00275 0709212730|04
12/11/2025 00274 0710112426|06
12/11/2025 00273 0311122831|12
11/11/2025 00272 0510112329|08
11/11/2025 00271 0406092333|12
10/11/2025 00270 0507103135|09
10/11/2025 00269 0409132427|12
09/11/2025 00268 0710111429|02
09/11/2025 00267 0305152123|10
08/11/2025 00266 0607202334|03
08/11/2025 00265 0509132234|12
07/11/2025 00264 1126283234|04 
07/11/2025 00263 0214152033|09
06/11/2025 00262 0506141828|11
06/11/2025 00261 0313141928|09
05/11/2025 00260 0104171819|05
05/11/2025 00259 0611253335|10
04/11/2025 00258 0720282931|06
04/11/2025 00257 0607082134|01
03/11/2025 00256 0625273235|03
03/11/2025 00255 0406112033|01
02/11/2025 00254 1329303235|04
02/11/2025 00253 0408142432|01
01/11/2025 00252 0204182631|11
01/11/2025 00251 0611142030|09
31/10/2025 00250 0614213435|05
31/10/2025 00249 0508151718|10
30/10/2025 00248 0911122428|07
30/10/2025 00247 1120232734|05
29/10/2025 00246 1518313435|03
29/10/2025 00245 0108172024|01
28/10/2025 00244 0607101922|12
28/10/2025 00243 1014283334|07
27/10/2025 00242 1617202434|03
27/10/2025 00241 0809252632|06
26/10/2025 00240 0426273034|02
26/10/2025 00239 1722243132|01
25/10/2025 00238 1214252831|05
25/10/2025 00237 0110141925|04
24/10/2025 00236 0511212233|11
24/10/2025 00235 0204111520|06
23/10/2025 00234 0307242534|06
23/10/2025 00233 0610111230|04
22/10/2025 00232 0611152526|06
22/10/2025 00231 0712203234|07
21/10/2025 00230 0314202123|01
21/10/2025 00229 0114203132|03
20/10/2025 00228 0212212435|02
20/10/2025 00227 1719293135|11
19/10/2025 00226 0207223334|05
19/10/2025 00225 0712233035|04
18/10/2025 00224 0204162830|06
18/10/2025 00223 0608132425|03
17/10/2025 00222 2023252834|07
17/10/2025 00221 1825263435|07
16/10/2025 00220 1019212932|04
16/10/2025 00219 0109122023|01
15/10/2025 00218 0204213034|11
15/10/2025 00217 0104141532|08
14/10/2025 00216 0118212326|11
14/10/2025 00215 0712142028|04
13/10/2025 00214 1619252632|11
13/10/2025 00213 0217323334|03
12/10/2025 00212 0815283334|09
12/10/2025 00211 0815222628|11
11/10/2025 00210 1316212223|04
11/10/2025 00209 0218192932|07
10/10/2025 00208 0105162226|04
10/10/2025 00207 0310132431|10
09/10/2025 00206 0307101314|08
09/10/2025 00205 0721242528|03
08/10/2025 00204 1013283134|12
08/10/2025 00203 0107082834|11
07/10/2025 00202 0313192325|12
07/10/2025 00201 0216173033|07
06/10/2025 00200 0718222333|10
06/10/2025 00199 0304091121|05
05/10/2025 00198 1718202134|12
05/10/2025 00197 0809223233|12
04/10/2025 00196 0211202628|04
04/10/2025 00195 2123262728|06
03/10/2025 00194 0111223133|10
03/10/2025 00193 0607081033|01
02/10/2025 00192 0809142735|11
02/10/2025 00191 1922262733|05
01/10/2025 00190 0624273334|08
01/10/2025 00189 0209141535|08
30/09/2025 00188 1316192031|11
30/09/2025 00187 0305082329|01
29/09/2025 00186 1518212733|06
29/09/2025 00185 0615172325|05
28/09/2025 00184 1031333435|10
28/09/2025 00183 0407101530|07
27/09/2025 00182 0309212225|11
27/09/2025 00181 0618192123|07
26/09/2025 00180 1021283133|07
26/09/2025 00179 1012151722|08
25/09/2025 00178 0514212227|08
25/09/2025 00177 0103142228|06
24/09/2025 00176 0312131928|02
24/09/2025 00175 0811151828|02
23/09/2025 00174 0916172024|08
23/09/2025 00173 0102031011|04
22/09/2025 00172 0609202531|07
22/09/2025 00171 0515263034|05
21/09/2025 00170 0312202129|05
21/09/2025 00169 0513152223|04
20/09/2025 00168 0304081831|07
20/09/2025 00167 0314202335|06
19/09/2025 00166 1118202425|08
19/09/2025 00165 1027293034|10
18/09/2025 00164 0810142325|04
18/09/2025 00163 1113151730|06
17/09/2025 00162 0113141521|08
17/09/2025 00161 0112141920|07
16/09/2025 00160 0310132228|03
16/09/2025 00159 0814161929|07
15/09/2025 00158 1116202732|02
15/09/2025 00157 0111162529|07
14/09/2025 00156 0610111227|04
14/09/2025 00155 0106071131|03
13/09/2025 00154 0206282931|12
13/09/2025 00153 0319263334|08
12/09/2025 00152 0206072428|01
12/09/2025 00151 1517192034|03
11/09/2025 00150 1322253031|09
11/09/2025 00149 0106252830|02
10/09/2025 00148 0413162329|11
10/09/2025 00147 0613142329|06
09/09/2025 00146 1115192733|01
09/09/2025 00145 0304212633|05
08/09/2025 00144 1718192234|03
08/09/2025 00143 1114192125|02
07/09/2025 00142 2125262930|09
07/09/2025 00141 0103101415|07
06/09/2025 00140 0507293233|12
06/09/2025 00139 0711132734|04
05/09/2025 00138 0615172030|10
05/09/2025 00137 0104202335|11
04/09/2025 00136 0405272830|05
04/09/2025 00135 1217232629|12
03/09/2025 00134 0105102130|03
03/09/2025 00133 0106091726|04
02/09/2025 00132 0509123235|01
02/09/2025 00131 0110122231|02
01/09/2025 00130 0507102130|07
01/09/2025 00129 0922243035|07
31/08/2025 00128 0210222331|12
31/08/2025 00127 0108192130|11
30/08/2025 00126 0406141520|09
30/08/2025 00125 0711182027|10
29/08/2025 00124 0912131925|08
29/08/2025 00123 0810212731|05
28/08/2025 00122 0104171828|05
28/08/2025 00121 0318192330|07
27/08/2025 00120 0209102430|05
27/08/2025 00119 0711172235|08
26/08/2025 00118 0711263435|09
26/08/2025 00117 1320252730|11
25/08/2025 00116 0215192534|06
25/08/2025 00115 0107142526|01
24/08/2025 00114 0412252934|12
24/08/2025 00113 0809212330|12
23/08/2025 00112 0611161729|07
23/08/2025 00111 0413142630|08
22/08/2025 00110 1620232831|02
22/08/2025 00109 0809323334|02
21/08/2025 00108 0913182429|02
21/08/2025 00107 0204131526|01
20/08/2025 00106 0306182535|12
20/08/2025 00105 0510152425|07
19/08/2025 00104 1420222832|06
19/08/2025 00103 0310243033|04
18/08/2025 00102 0510152028|12
18/08/2025 00101 0104173334|06
17/08/2025 00100 0105122730|03
17/08/2025 00099 1520232730|04
16/08/2025 00098 0318202630|02
16/08/2025 00097 0821243334|03
15/08/2025 00096 0309202633|04
15/08/2025 00095 0506273334|08
14/08/2025 00094 0304112930|03
14/08/2025 00093 1119222735|10
13/08/2025 00092 1318232627|12
13/08/2025 00091 2022252832|01
12/08/2025 00090 0108102729|11
12/08/2025 00089 0817242533|05
11/08/2025 00088 0304101332|01
11/08/2025 00087 0209111723|03
10/08/2025 00086 2224283134|03
10/08/2025 00085 0816182834|07
09/08/2025 00084 0916172632|12
09/08/2025 00083 0215202428|10
08/08/2025 00082 0109151620|11
08/08/2025 00081 0215223033|06
07/08/2025 00080 0612182325|11
07/08/2025 00079 0118272930|07
06/08/2025 00078 0710151629|09
06/08/2025 00077 1225313235|04
05/08/2025 00076 0508101332|10
05/08/2025 00075 0820243034|01
04/08/2025 00074 0513232533|11
04/08/2025 00073 0520253032|10
03/08/2025 00072 0714152934|09
03/08/2025 00071 0106082325|12
02/08/2025 00070 0112182025|10
02/08/2025 00069 0103071025|11
01/08/2025 00068 0912222631|11
01/08/2025 00067 1214162223|09
31/07/2025 00066 0306223133|02
31/07/2025 00065 0310242634|06
30/07/2025 00064 1321262732|03
30/07/2025 00063 0409101819|02
29/07/2025 00062 2021293133|03
29/07/2025 00061 0105162829|08
28/07/2025 00060 1519253233|05
28/07/2025 00059 0103283233|11
27/07/2025 00058 1024283032|01
27/07/2025 00057 0114192527|08
26/07/2025 00056 0306112733|06
26/07/2025 00055 0107121623|08
25/07/2025 00054 1618192325|11
25/07/2025 00053 0910192224|07
24/07/2025 00052 0910113035|01
24/07/2025 00051 0708182233|07
23/07/2025 00050 1718272933|08
23/07/2025 00049 0321283334|05
22/07/2025 00048 0710262833|02
22/07/2025 00047 0314162125|05
21/07/2025 00046 0216182230|05
21/07/2025 00045 0820242728|03
20/07/2025 00044 2128313435|01
20/07/2025 00043 0914283335|10
19/07/2025 00042 0416242631|11
19/07/2025 00041 0519202130|11
18/07/2025 00040 0511162734|09
18/07/2025 00039 0210121634|02
17/07/2025 00038 0711171825|01
17/07/2025 00037 0104081829|07
16/07/2025 00036 0210203435|02
16/07/2025 00035 0711131725|09
15/07/2025 00034 0912223135|02
15/07/2025 00033 0307121926|06
14/07/2025 00032 0708222328|05
14/07/2025 00031 0203121422|03
13/07/2025 00030 1214192734|08
13/07/2025 00029 1315192227|10
12/07/2025 00028 0511162034|06
12/07/2025 00027 0514263135|07
11/07/2025 00026 0105082024|08
11/07/2025 00025 0811171820|01
10/07/2025 00024 0924293235|08
10/07/2025 00023 1117242830|05
09/07/2025 00022 0207092831|12
09/07/2025 00021 0102122531|12
08/07/2025 00020 0206202632|12
08/07/2025 00019 1415172831|08
07/07/2025 00018 0607102234|08
07/07/2025 00017 0108141923|06
06/07/2025 00016 0607132829|07
06/07/2025 00015 0311122732|10
05/07/2025 00014 0313192529|07
05/07/2025 00013 0514152334|05
04/07/2025 00012 0318202934|03
04/07/2025 00011 0103071024|08
03/07/2025 00010 1023243033|06
03/07/2025 00009 2832333435|08
02/07/2025 00008 0911272935|09
02/07/2025 00007 1320232735|01
01/07/2025 00006 0518203034|07
01/07/2025 00005 0118252733|05
30/06/2025 00004 0112132728|07
30/06/2025 00003 0208162324|09
29/06/2025 00002 0612141825|08
29/06/2025 00001 0709101619|09
